8 0.0540977 0.160136 0.106558 0.14047
8 0.957713 0.147533 0.0845743 0.148129
9 0.829829 0.285696 0.0759764 0.114981
9 0.794837 0.545093 0.0780365 0.100074
9 0.814527 0.167022 0.0772229 0.116347
9 0.805596 0.67515 0.072947 0.0906045
9 0.826456 0.40451 0.0749096 0.104266
9 0.807813 0.811231 0.0799709 0.0856258
9 0.948644 0.66959 0.102713 0.121933
9 0.812838 0.057449 0.0799009 0.114898
9 0.180815 0.1643 0.0755907 0.125863
9 0.944699 0.392101 0.110352 0.182905
9 0.94981 0.259779 0.0712593 0.101806
9 0.0662072 0.675763 0.105376 0.116146
11 0.945788 0.925534 0.108404 0.103028
